410
106

918
441

434
900

425
778

431
787

446
866

428
1487

476
1320

421
1488

445
1392

454
1389

470
1373

435
1399

455
1371

480
1408

476
1469

418
1817

541
1841

436
1827

444
1797

446
1804

447
1764

495
1807

461
1786

426
1832

392
1889

390
1842

384
1806

532
1701

394
1808

411
2052

421
1796

391
1788

390
1803

395
1878

381
1806

465
1881

357
1848

914
4588

899
2848

554
2893

715
3874

551
4983

567
2840

549
2804

384
1839

385
1819

380
1890

382
1817

419
1758

363
2006

354
1855

392
1840

399
1898

378
1819

373
2027

391
1815

400
1847

399
1893

400
1965

384
1804

412
2234

387
1918

398
1923

427
1965

368
1956

376
1894

374
1805

374
1716

390
1836

390
1834

372
2214

393
1797

347
1722

392
1822

342
1773

344
1677

387
1771

393
1776

381
1764

390
1799

404
1829

387
1856

427
1703

339
1780

385
1794

390
1791

400
1781

474
2356

358
1996

391
1807

344
1775

364
1735

394
1828

375
1764

384
1856

402
1954

369
1848

436
2323

355
1744

345
1727

390
2025

372
1747

394
1808

380
1795

343
1834

387
1777

377
1739

361
1824

367
2200

361
1711

377
1723

390
1803

1231
6355

1568
8125

1518
6038

891
4555

900
4610

933
4552

563
2775

556
2929

557
2865

576
2791

636
2909

563
2799

559
2788

558
2829

546
2819

577
2861

564
2797

709
4794

1292
3006

371
1810

389
1824

388
1897

396
1853

369
1755

393
1896

382
1911

384
1767

472
1879

389
1852

454
1794

386
1837

380
1886

360
1762

377
1840

382
1844

771
4183

725
3847

748
3834

755
2488

481
2404

485
2447

467
2475

472
2401

476
2385

369
1816

372
1826

358
1748

401
1852

344
1894

391
1835

490
2443

490
2365

500
2442

762
3774

750
4389

750
3773

804
3818

438
2168

453
2162

427
2156

445
2172

427
2147

451
2155

446
2162

440
2164

436
2158

431
2149

440
2146

431
2174

427
2200

460
2227

434
2137

460
2188

1063
5335

1063
5373

1018
5300

1068
3245

606
3037

621
3039

607
3050

606
3048

614
3063

611
3058

600
3064

973
3604

606
3377

404
1960

427
1950

394
2097

401
2014

411
2037

385
1941

390
2037

457
2017

484
2021

398
1934

395
1897

438
1923

380
1925

387
1906

392
1943

398
2175

403
1938

395
2827

408
1898

367
1824

366
1844

409
2580

369
2255

431
1821

365
1830

359
1917

383
1841

403
3944

450
1884

356
2090

783
1809

404
2067

368
1774

356
1843

396
1859

385
1954

402
2020

605
1865

390
1909

473
2179

367
1804

375
2171

378
1830

395
2026

379
1804

434
1753

386
1793

401
1912

472
2227

1657
6515

371
1853

550
2355

398
2199

395
1877

370
1815

404
2761

887
2595

358
1995

795
5495

778
2586

878
2277

365
1812

1407
2608

1072
2231

378
1816

860
3793

1408
5111

488
1974

355
1990

466
3256

432
1951

409
1953

431
2501

354
1889

370
1830

388
1811

466
1963

416
1888

411
1925

406
1931

393
2303

391
1933

349
1732

396
1845

384
1989

409
2206

377
1858

1004
2840

444
2011

554
2247

473
1998

425
1988

359
1871

355
2032

352
2014

390
1862

387
1887

400
1830

390
1789

1400
5651

1061
5421

1027
5440

1084
5335

1014
5340

1047
5322

1026
5451

1075
6056

1050
5415

1060
5436

1293
5760

682
3379

671
3403

674
3387

649
3354

673
3515

658
3401

812
3411

675
3407

662
3376

437
2134

435
2154

437
2171

453
2148

669
3359

670
3384

680
3352

421
2139

444
2148

447
2186

440
2138

428
2155

437
2149

436
2146

457
2179

431
2141

428
2141

445
2149

444
2149

429
2134

400
1931

396
2073

375
1946

404
1935

409
1905

1689
2644

1582
3844

361
2076

472
2069

389
2039

406
1944

362
2858

399
1951

399
1926

450
3503

374
1795

378
1816

389
2227

387
1835

407
1865

389
1845

349
1720

393
1925

426
1901

454
2104

381
1835

388
1828

335
1761

388
1775

384
1850

388
1854

378
1825

392
1807

358
1868

389
1886

445
1881

392
1769

394
1904

390
1801

386
1805

405
1796

366
1784

382
1855

355
2326

387
1719

371
1726

387
1764

384
1779

386
1757

395
1988

389
1774

340
1912

393
1797

396
1783

398
1883

389
1851

748
3804

749
3769

736
3779

476
2374

481
2376

803
3810

747
3812

755
3953

750
3797

432
2213

528
2215

450
2198

371
1948

388
2002

404
1971

388
1875

390
1889

367
2721

396
1890

377
1966

426
2096

364
1786

387
1828

371
1801

393
1809

337
1705

383
1986

393
1855

389
1774

395
1816

381
1934

402
1965

386
1909

396
1861

346
1975

374
1865

380
1824

393
1886

388
1893

352
1754

404
2053

470
1854

374
1767

394
1823

388
1841

369
1876

378
1844

379
1846

387
1838

381
2034

394
1841

393
1781

391
1956

366
1819

389
1714

366
2099

392
1826

397
1938

361
1853

418
1989

392
1981

377
1944

381
1882

355
1767

390
1767

360
1754

1260
6536

1297
6564

1637
6846

1695
6860

1340
4760

737
3775

747
3799

740
3787

740
3769

761
3781

745
3809

757
3960

732
3850

829
3331

501
2470

516
2232

370
1810

378
1903

387
1764

486
2372

478
2370

478
2368

468
2354

479
2376

474
2389

485
2369

477
2361

482
2377

482
2374

482
2370

484
2366

480
2383

480
2389

485
2393

481
2409

479
2378

493
2102

398
1925

388
1902

387
1903

628
1998

392
1960

390
2041

349
1977

361
1776

376
1756

398
2023

372
2238

389
1927

385
1992

358
1990

358
2263

365
1798

376
4106

364
1794

368
1782

352
1762

383
1868

369
1802

382
1849

394
1858

347
1733

388
1751

366
1731

392
2262

378
2011

369
1809

391
1846

391
1854

351
1760

383
1778

391
1915

344
1893

393
1890

392
1812

348
1826

392
1834

351
1975

389
1853

386
1956

382
1928

387
1778

376
1744

346
2072

377
1832

491
2180

352
1783

347
2445

400
1800

462
2041

359
1837

362
2164

398
2042

393
1968

405
2242

421
2003

375
1840

428
1988

381
1842

369
1927

348
1760

344
2021

393
1861

364
1849

345
2002

382
1833

351
1753

393
1886

387
1866

358
1782

385
1810

341
2174

363
1726

352
1924

389
1966

353
1751

404
1900

352
1799

353
1718

387
2017

387
1741

383
1768

395
2018

371
1790

391
1803

415
1862

390
1768

390
1831

514
2024

386
1813

396
1768

387
1855

390
1859

388
1785

374
1956

380
2019

364
1819

344
2158

467
1897

377
1920

371
1831

394
1936

384
1908

353
1906

396
1870

382
1682

378
1816

376
1819

358
1769

398
1850

377
1984

384
2040

379
2181

379
1908

474
1908

402
2003

363
1807

434
1881

378
1828

362
1812

389
1815

350
2079

387
1775

396
1894

387
1768

364
1752

391
1932

366
2020

392
1836

383
1760

391
1782

571
1779

355
1692

382
1797

363
1759

389
1959

386
1970

387
2023

390
1826

393
1893

355
1857

389
1862

384
1692

389
1704

365
1934

355
1874

392
1823

452
1798

841
4262

858
4253

1045
4902

935
4311

846
4311

838
4272

854
4280

1243
6468

1270
6059

598
3040

604
3203

628
3072

616
3066

614
3056

617
3073

600
3033

620
3034

618
3088

621
3144

608
3054

405
1766

368
2027

386
1885

380
1891

815
3998

397
2139

470
1860

419
1943

359
2240

401
1769

392
1898

345
1850

355
1805

434
1800

400
1969

371
1875

427
1777

361
1941

354
1746

397
1987

389
2031

368
1736

382
1871

383
1731

380
1724

917
4543

1087
5054

494
2872

484
2398

560
2780

557
2782

755
3498

579
2781

555
3595

572
2788

576
2924

396
1990

386
2344

374
1912

674
2014

386
2175

387
3065

790
2439

352
1999

363
1845

358
1790

369
1969

383
1902

405
1895

387
2167

363
1786

412
1845

362
1821

364
1771

364
2004

595
2276

355
1791

364
2003

404
2101

358
1839

364
1829

370
1989

512
1962

418
1930

579
3775

355
1746

374
1745

384
1855

428
2263

387
1764

362
1918

361
1711

353
1784

355
1947

368
1815

379
1775

347
1864

363
1770

391
2411

793
2057

353
1745

356
1791

450
1919

354
1815

361
1797

381
1794

347
1815

394
1901

367
1878

382
1931

366
1810

353
1946

359
1774

350
1743

409
1778

348
1738

355
1768

380
1886

358
1887

371
1972

377
2331

354
1786

345
2038

345
2145

354
1783

388
1794

380
1798

371
1897

390
1831

343
2339

387
1827

384
1778

402
2225

410
1785

389
1748

393
1971

384
1856

355
1664

385
1811

350
1716

383
1736

390
1944

393
2125

390
1807

388
1909

353
1736

360
1838

416
1920

370
1791

396
1794

374
2062

363
1667

390
1818

377
1908

392
1738

390
1773

417
1824

390
1798

388
1795

355
1940

380
1818

399
1857

356
1784

359
2013

359
1730

865
2166

357
1729

362
1848

402
1834

406
1889

393
1890

382
1936

382
1909

382
2125

396
1938

396
1920

409
2053

401
2325

385
1982

380
1905

399
1917

393
1948

389
1841

441
1836

397
1784

383
1926

370
1902

376
1777

389
1815

516
2529

395
1883

357
1768

360
1795

360
1746

383
1759

398
1915

370
1798

389
1876

382
1835

354
1776

380
1891

374
1966

380
2010

391
1835

379
1759

402
1978

395
1854

514
2545

355
1784

344
1921

405
1883

377
2438

368
1777

381
1804

392
1836

349
2141

370
1743

392
1801

377
1876

385
1931

394
1858

363
2108

389
1829

357
1753

369
1845

379
2132

352
1736

389
1790

389
1800

350
1737

392
1749

382
2028

387
1814

393
1795

387
1929

392
1900

394
1775

348
1849

355
2063

381
1790

745
3753

478
2364

481
2367

485
2373

498
2393

487
2391

488
2386

483
2387

486
2379

479
2412

483
2409

478
2375

540
4022

504
2414

475
2142

407
1817

388
1799

370
1871

434
1810

372
1839

389
1798

378
1994

359
1810

355
1808

346
1714

398
1871

378
1881

1048
5799

1138
5741

1039
5392

1039
5910

1049
3306

599
3035

622
3131

444
2127

448
2151

357
1952

360
1767

389
1847

413
2049

417
2050

412
2017

414
2006

419
2014

405
1992

414
2024

1048
5343

1049
5438

1580
8209

876
4597

894
3748

509
2559

518
2587

516
2555

526
2589

517
2559

521
2629

519
2573

514
2578

520
2552

521
2561

523
2569

516
2549

500
2759

512
2557

525
2552

505
2556

509
2562

505
2775

517
2578

517
2568

522
2574

519
2558

523
2576

534
2574

511
2544

520
2579

503
2536

516
2559

508
2566

502
2550

521
2593

514
2662

531
2574

518
2567

523
2716

519
2761

518
2581

518
2584

525
2574

524
2559

516
2550

508
2788

518
2548

511
2549

511
2566

531
2657

556
2328

373
1861

390
1828

534
1816

391
1725

372
1751

373
1764

390
1751

380
1750

361
1716

389
1777

393
1751

388
1740

393
1857

387
2204

371
1794

381
1786

392
1867

398
1731

398
1827

388
1724

387
1812

396
1792

388
1780

1253
6447

1283
6421

1285
6462

754
3750

754
3779

761
3748

753
3756

436
2139

436
2120

439
2135

439
2126

436
2142

440
2146

428
2131

428
2126

436
2140

433
2123

439
2136

436
2131

431
2146

434
2139

442
2178

432
2147

440
2159

439
2189

438
2139

441
2174

429
2144

436
2137

443
2132

437
2151

445
2347

438
2126

432
2130

439
2127

453
2220

437
2151

442
2137

450
2185

445
2086

377
1793

353
1744

394
1764

393
1781

391
1835

1062
5380

1046
8510

1199
5587

603
3036

610
3064

620
3066

612
3328

606
3031

608
3057

610
3041

602
3038

413
2203

413
2022

415
2011

1268
6491

1269
6449

1251
6557

1379
6369

654
3359

668
3350

441
2152

439
2144

433
2140

448
2133

440
2137

436
2170

439
2127

439
2126

434
2128

430
2137

423
2143

437
2134

439
2131

430
2138

434
2162

439
2139

440
2164

440
2207

437
3790

436
2143

435
2141

430
2139

429
2240

434
2179

444
2163

442
2136

449
2178

438
2133

437
2131

438
2122

426
2133

1632
8354

952
4747

908
4084

504
2416

861
4265

409
1821

392
1820

558
2782

544
2831

601
3016

586
2855

563
2785

566
2797

561
2791

574
2795

549
3142

568
3023

564
2793

566
2787

585
2795

562
2790

564
2822

565
2820

580
2776

554
2770

1554
7964

1014
5333

1052
5298

1056
5360

690
2770

555
2765

568
2784

564
2763

551
2830

572
2774

559
2774

561
2787

559
2787

575
2815

564
2777

549
2761

560
2807

582
2789

574
2819

558
2764

565
2821

573
2789

553
2793

559
2785

557
2768

570
2783

555
2913

563
2774

564
2782

556
2794

562
2790

556
2765

568
2795

556
2777

1054
5384

1086
5344

1051
5415

1025
5754

1039
5328

1036
5302

5722
6987

700
3434

749
2691

717
2247

444
2285

389
1854

370
1714

438
2109

393
1774

369
1796

439
2189

442
2131

438
2138

433
2166

431
2133

434
2128

444
2157

436
2162

444
2146

434
2159

431
2134

432
2149

443
2137

431
2150

445
2141

434
2134

454
2137

420
2133

435
2147

437
2149

433
2136

424
2138

437
2137

424
2135

445
2159

436
2221

441
2137

442
2167

441
2145

442
2133

439
2222

446
2136

427
2139

432
2129

434
2139

436
2138

434
2246

432
2139

433
2125

443
2149

437
2129

440
2132

437
2131

430
2133

445
2134

442
2151

431
2119

424
2151

439
2139

435
2135

423
2131

438
2126

453
2149

439
2136

441
2253

456
2190

472
2248

1670
3023

347
1703

381
1882

385
1969

376
1880

393
1784

433
1846

395
1840

397
1724

384
2133

383
1813

383
2029

410
1783

387
1808

358
1752

390
2003

378
2152

391
1740

386
1806

388
1789

377
1770

388
1773

352
1749

392
1737

379
2140

391
1754

393
1830

387
2124

362
1765

393
1704

358
1979

416
1786

405
1781

392
1941

390
1806

383
1804

625
1804

385
1806

384
1810

390
2005

353
1918

393
1763

387
1795

388
1900

374
1777

386
1935

367
1714

387
1745

367
1736

385
1765

388
1859

383
2104

390
1832

390
1887

413
1781

383
1780

391
1826

350
1957

391
1798

495
1990

393
2213

390
1846

389
1856

365
2014

415
2158

355
1877

394
1999

381
1890

370
2091

390
1939

339
1834

393
1816

388
1954

409
1782

379
1819

397
1900

390
1848

394
1847

373
1808

381
1779

395
1745

383
1837

387
1805

387
2061

368
1786

390
2267

389
1814

398
2134

384
1847

385
1821

397
1764

390
1834

377
1861

1065
5432

1061
5370

1041
5407

672
3368

657
3409

675
3543

772
3461

684
3361

672
3405

666
3388

438
2129

434
2141

434
2155

431
2127

439
2147

436
2137

425
2148

446
2158

430
2147

436
2166

435
2128

441
2140

434
2139

436
2192

439
2163

439
2156

434
2146

451
2390

436
2155

441
2149

520
2504

428
2506

450
2212

449
2237

438
2221

444
2178

442
2142

431
2481

442
2138

445
2149

441
2159

444
2156

434
2190

439
2146

441
2167

437
2141

434
2132

442
2146

442
2155

435
2146

434
2164

439
2138

435
2138

440
2174

431
2145

442
2143

441
2130

456
2148

437
2149

435
2147

439
2161

435
2149

438
2787

1064
5328

1041
5359

1062
5291

1041
5295

1325
3635

618
3053

599
3065

616
3041

612
3114

624
3064

611
3095

601
3043

614
3058

598
3046

378
1941

397
1893

391
1893

390
1925

379
1906

378
1900

391
1918

391
1901

388
1899

396
1888

398
2219

395
1896

377
1895

384
1917

391
1902

382
1903

380
1923

399
1915

477
2033

387
2254

398
2012

385
2439

393
1784

387
1828

476
1836

382
1824

389
2178

391
1772

387
1935

389
1839

362
1773

380
1886

348
1724

380
2010

388
1913

387
1992

390
1965

388
1802

342
2061

391
1932

343
2286

393
1867

394
1792

393
1836

374
2023

387
1862

351
1803

388
1798

362
1930

397
1779

389
1995

391
1874

361
1846

391
1808

391
1864

379
1765

379
2313

380
1818

390
1906

385
1808

341
1797

390
1788

351
1696

387
1920

390
1924

433
1835

388
1946

391
1929

345
1770

383
1904

358
1950

391
1853

388
1915

378
1927

382
1968

390
1805

354
1997

392
1773

351
2044

467
1900

390
1860

1248
6603

1348
6732

1429
6694

990
4935

524
2853

354
2111

382
1827

387
1909

364
1750

388
1810

349
1727

412
1763

486
2060

385
1903

369
2109

404
1795

394
2136

390
1768

374
2427

388
2134

390
1938

391
1922

362
1988

384
1786

352
1870

391
1736

386
1942

377
1838

396
1973

393
1811

350
1787

391
2476

360
1946

383
1861

388
2424

386
1835

371
1703

383
1952

352
1864

384
1981

376
2038

383
1896

393
1959

376
1943

358
1772

389
1770

386
1861

388
1762

352
2112

348
1854

369
2188

389
1913

394
2166

391
1819

376
1805

389
1934

387
2060

389
1979

406
2160

390
1845

391
1900

390
1990

371
1884

390
1812

339
2239

383
1869

341
1935

778
3918

803
4039

457
2407

486
2343

384
1933

347
1756

465
2325

470
2343

463
2279

469
2308

457
2293

465
2754

487
2315

471
2328

464
2330

464
2357

470
2319

473
2303

469
2328

452
2358

490
2298

457
2318

466
2312

469
2299

467
2282

464
2319

461
2288

463
2513

464
2305

470
2304

468
2296

467
2316

468
2290

476
2328

460
2357

461
2432

463
2327

466
2298

452
2291

469
2414

470
2298

466
2650

468
2305

472
1773

345
1855

392
2176

400
2163

382
1882

393
1892

355
2130

387
1912

344
2080

407
1806

386
1858

382
1874

352
1909

385
1880

385
1960

400
2187

374
1843

353
1853

392
1889

434
2129

355
2021

481
1898

423
2042

763
3099

416
2008

497
2008

353
1987

379
2251

418
1798

358
1867

396
2185

388
1825

415
2111

383
2013

423
1832

392
1791

389
1781

391
1841

398
1970

393
1798

353
1825

388
1806

389
1806

384
1793

394
2258

401
2107

388
1879

456
2066

376
2014

390
1829

412
1873

358
2013

384
1887

391
2120

407
1882

361
1902

438
2024

366
1984

380
1973

450
1941

1417
3300

407
1828

485
2029

367
1785

360
1784

354
1955

454
1893

390
1942

383
1935

371
1855

374
1834

393
1876

382
1860

366
1891

387
1953

394
1836

358
1929

388
1903

396
1773

389
1814

396
2021

387
2147

410
1944

389
2166

403
1790

389
1887

371
2034

383
1832

354
1913

393
1899

383
1883

365
1806

418
1958

367
2029

743
3818

748
3758

742
3749

753
3787

768
3764

482
2390

482
2387

470
2378

486
2380

495
2737

497
2415

480
2394

485
2384

486
2380

500
2386

480
2368

490
2379

478
2383

492
2391

489
2415

502
2381

476
2383

476
2442

490
2396

869
4836

389
1838

439
1760

428
1902

374
2190

388
1814

392
1899

378
1898

343
1687

398
1960

395
1911

407
1839

394
1807

397
1983

985
4580

905
4568

1090
5091

585
3196

564
2801

557
2793

551
3418

569
2788

563
2784

566
2789

563
2805

559
2827

390
1766

393
1737

389
1932

400
1834

476
2239

373
1860

362
1880

385
1917

345
1936

404
1778

393
1886

389
1890

445
1798

388
1824

388
2169

388
1856

388
1803

389
1844

379
1823

394
1829

1257
6481

1234
6600

1239
6594

735
3743

746
3773

741
3734

748
3754

852
3787

758
3757

756
3791

758
3779

455
2283

480
2347

461
2314

497
2399

466
2313

459
2321

475
2320

472
2039

392
1837

466
2322

475
2305

475
2290

477
2771

1258
6369

1267
6616

746
3739

754
3761

749
3766

727
3755

748
3748

750
3826

754
3799

447
2184

441
2162

740
3873

755
3755

764
3750

735
3764

748
3743

768
3801

738
3771

808
4044

755
4462

492
2586

484
2367

492
2450

523
2503

580
1987

397
1870

422
1857

479
2382

478
2625

495
2382

493
2371

490
2381

489
2431

485
2417

500
2686

487
2512

400
1880

367
1849

396
1800

357
1765

394
1875

369
1814

398
1896

376
1971

394
1753

346
1881

380
1864

406
1946

391
1793

344
1862

396
2019

404
1860

351
1728

407
1916

371
1875

385
1812

419
1989

396
1837

383
1805

371
1809

380
1725

447
2285

574
2018

372
1853

389
1870

361
1845

413
1877

381
1826

359
1811

391
1737

386
1803

403
1730

383
1860

348
1685

390
1762

377
1763

1031
5353

1225
5714

1063
5283

1252
7250

1045
4277

562
2802

566
2781

573
2828

555
2809

607
2932

566
2875

389
1799

607
1963

470
1811

388
1759

403
1780

386
1829

367
1944

417
1839

396
1832

375
1768

420
1805

360
1798

381
1771

389
1821

512
1850

371
1899

481
1716

353
1725

374
1778

382
1817

390
1886

391
1819

383
1842

354
1736

397
1874

390
1784

431
1835

398
1942

367
2078

346
1800

392
1730

375
1780

389
1800

376
1874

351
2049

383
1780

353
1922

383
1756

375
1861

393
1806

391
1839

388
1754

355
1807

411
2014

348
1924

366
1825

368
1803

355
1768

391
1762

388
1848

387
1912

391
1832

399
1713

386
1754

405
2014

379
1738

388
2043

382
1883

387
1771

388
1787

389
1832

387
1813

370
2049

360
1837

358
2768

389
1802

381
1789

389
1778

422
1830

380
1786

386
1838

384
1764

383
1759

386
1775

359
1894

367
2093

454
1703

387
1734

350
1707

381
1856

334
1953

388
1791

386
1781

343
1891

416
1970

391
1797

376
1839

390
1803

754
3787

741
3764

758
3772

761
5735

1250
6524

1275
6588

1279
4164

686
3423

662
3385

674
3373

686
3361

682
3449

673
3431

678
3358

412
2018

431
2087

401
2012

406
2014

409
2007

419
2008

429
2062

400
2027

420
2016

377
1834

403
1968

389
1762

386
1904

393
1803

338
2178

386
1789

397
1853

382
1771

387
1770

390
1771

386
2282

387
1840

347
1882

400
2024

368
1925

738
2119

398
1817

380
1782

389
1808

386
1809

360
1862

398
1835

392
1861

389
1858

386
1821

385
1764

353
1855

392
1821

367
1954

390
1863

1032
5306

891
4608

897
4626

521
2574

514
2609

520
2641

530
2608

519
2558

532
2600

894
4581

956
4588

887
4609

909
2827

555
2780

394
1873

390
1758

390
1755

350
1767

393
1724

390
1824

383
1845

386
2053

387
1835

488
1894

388
1806

398
1904

387
1917

389
1787

385
1828

366
1922

361
1779

334
1656

365
1922

396
1797

340
1836

394
2059

396
1786

355
1709

384
1848

383
1768

388
1784

391
1913

389
1997

384
1819

387
1830

402
1712

375
2108

402
2184

378
1747

387
1880

383
1836

396
2171

390
1962

352
1858

384
1829

367
1876

385
1798

391
1917

383
1908

379
1951

396
1702

363
1721

397
1801

391
1798

369
1719

597
2140

388
1872

354
1754

833
4273

850
4300

480
2365

481
2592

485
2394

482
2385

481
2417

479
2384

492
2388

483
2374

481
2386

484
3492

482
2363

1524
7984

1522
8875

894
4590

879
4558

893
4549

901
5112

1247
4872

917
4543

1346
5422

885
2490

470
2288

470
2335

458
2281

355
1953

376
1935

350
1766

393
2225

397
1818

386
1777

454
1907

391
1796

360
1739

391
1786

391
1810

388
1777

391
2135

390
1807

427
1891

358
1895

370
1712

389
1739

387
2053

386
1828

364
1722

386
1770

360
2226

384
1723

393
1889

430
2113

391
1880

402
1877

352
1778

394
1821

390
2094

354
1823

348
2005

856
4272

845
4308

846
4357

866
4288

845
4374

847
4323

850
4327

818
4288

845
4227

846
4277

874
4397

859
4286

914
4301

821
4242

543
2756

560
2822

559
2779

545
2791

550
2792

570
2790

549
2785

570
2783

564
2805

559
2782

552
2838

562
2784

565
2626

385
1880

341
1803

393
1785

380
1853

388
1791

394
1826

487
2140

389
1841

388
1762

390
1861

409
1827

392
1793

379
2321

384
1778

335
1844

391
1832

402
1977

398
1924

369
1920

410
1823

412
1685

383
1748

379
1810

393
1770

389
2137

401
1935

395
1813

999
2396

407
1830

384
1806

808
3783

746
3897

749
3761

760
3764

729
3770

749
3753

763
3848

947
5347

1055
5309

671
3359

675
3371

432
2168

440
2143

428
2139

434
2268

442
2203

467
2152

424
2141

441
2155

434
2162

440
2156

445
2217

441
2147

428
2138

438
2175

444
2167

441
2178

431
4052

440
2158

436
2142

444
2164

428
2340

442
2137

429
2139

460
2134

434
2138

441
2196

438
2156

442
2138

438
2137

446
2150

423
2140

435
2152

445
2145

439
2157

428
2139

436
2135

431
2135

438
2146

422
2140

446
2174

366
1840

365
1947

393
1789

382
2023

353
1811

354
1756

375
1819

360
1880

436
1883

405
1924

388
1893

389
1855

388
1812

373
1723

385
2124

384
1804

385
1828

393
1827

388
1849

345
1718

387
1762

379
1966

376
1778

392
1856

381
1797

368
2176

394
1806

385
1821

360
1794

391
1803

390
1863

371
1762

369
1797

511
1837

381
1962

384
1826

384
2588

383
1861

431
2148

428
3518

406
1790

353
1704

352
1742

394
1849

394
2238

389
1900

398
2150

362
1771

390
1829

354
1746

388
1862

385
1905

392
1823

388
1818

383
1779

345
2245

386
1779

387
2200

389
1772

390
1812

397
1851

357
1712

416
1781

413
1891

407
2070

365
1898

389
1941

394
1838

399
1915

384
2084

381
1824

360
2148

391
1741

363
1994

392
1832

582
1965

383
1842

381
1936

398
1907

350
1850

386
1785

366
1906

390
1821

376
1719

392
1842

392
2075

385
1860

390
1767

387
1805

351
1778

379
1812

381
1929

386
1862

395
1774

390
1803

372
2324

387
1820

1059
5475

1067
5336

1057
5315

614
3093

614
3055

620
3085

610
3072

616
3066

609
3039

393
1898

393
1885

391
1891

386
1896

387
1899

387
1896

396
1902

398
1928

380
1901

390
1888

389
1896

393
1901

393
1929

393
1902

386
1898

392
1998

381
1884

396
1901

388
1885

383
1917

384
2297

381
2238

365
1937

380
3492

370
1781

389
1799

389
1921

388
1809

365
1907

336
1953

396
1781

388
1772

386
1745

389
2016

396
1862

370
1795

393
1841

345
1783

721
2199

392
1806

340
1740

387
1790

360
1813

376
1881

388
1905

390
1867

390
1800

386
1879

385
1858

399
1800

391
1817

394
1790

384
1894

394
1831

365
1736

395
1973

391
1843

390
1822

393
1856

392
1810

389
1789

408
2116

392
1845

389
1906

392
1871

373
1750

390
1849

342
2033

389
1794

382
1810

402
1844

406
1772

379
1855

369
1828

388
1828

416
1726

390
1830

380
1720

385
1841

388
1766

392
1736

388
1843

364
2046

525
1982

378
2131

385
2112

381
1751

390
1816

853
4256

858
3636

482
2369

488
3201

844
4266

840
4236

867
4240

845
4281

845
4323

568
2783

559
2777

559
2779

566
2791

552
2801

564
2785

556
2802

562
2778

557
2769

552
2799

558
2795

558
2789

566
2811

561
2781

563
2808

566
2810

568
3080

564
2881

546
2779

562
3017

557
2792

571
2807

556
2770

559
2777

570
2786

394
1745

387
1877

374
1724

360
1762

341
1746

395
1993

392
1803

381
1793

388
1875

384
1874

381
1749

379
2004

358
1724

388
1909

390
1781

386
1849

359
1776

393
1840

344
2136

389
1748

351
1851

386
1836

359
2108

408
1842

392
1829

362
1894

386
1927

372
1865

338
1777

394
1721

390
1813

358
1799

388
1806

341
1770

396
2542

392
1884

388
1842

385
1907

385
1912

508
1842

392
1803

354
1761

383
1779

348
1767

373
1805

825
4256

852
4280

1561
6877

730
3728

732
3758

749
3769

1301
7067

794
3748

747
3743

765
4713

748
3751

745
3742

747
3774

750
3767

749
2284

467
2282

464
2297

464
2282

455
2297

470
2342

469
2287

530
2284

464
2288

462
2308

454
2312

474
2330

462
2289

463
2283

467
2300

470
2281

452
2699

467
2283

460
2359

472
2322

555
2867

466
2347

474
2793

481
2347

462
2286

482
2299

468
2306

478
2332

468
2296

473
5774

489
2372

363
1946

345
1752

390
1762

380
1955

465
2344

458
2330

467
2294

463
2283

463
2275

462
2288

469
2349

469
2302

462
2306

1069
5357

1027
5293

1027
5412

1445
6463

1028
4243

837
4308

968
3362

520
2567

507
2589

518
2618

537
2570

519
2584

524
2570

512
2576

514
2565

527
2579

518
2567

506
2559

517
2568

543
2564

518
2567

515
2665

522
2560

518
2562

514
2558

526
2558

518
2558

513
2566

522
2586

511
2553

514
2562

506
2569

524
2577

521
2652

515
2563

518
2557

522
2562

507
2623

517
2639

377
1832

378
1772

370
3044

385
1856

351
1767

391
1858

519
2584

507
2601

516
2579

525
2615

631
2637

360
1920

365
2170

392
1828

345
2051

392
1851

385
1772

393
1827

385
2091

390
2036

344
1697

390
1929

390
1887

389
1780

381
2163

384
1823

393
1717

380
1740

358
1760

392
1835

390
1923

377
1764

386
1955

396
1837

492
2563

521
2574

518
2573

514
2551

515
2560

514
2562

518
2547

521
2557

593
2794

517
2577

523
2558

512
2561

522
2565

505
2571

519
2566

522
2561

517
2565

520
2565

538
2564

515
2556

388
1891

348
2160

338
2246

393
1960

395
1785

353
1754

395
1923

352
1765

385
1840

383
1809

376
1739

389
1859

365
1847

390
1822

391
1846

368
1804

386
1869

361
1783

386
2094

397
2166

367
2244

390
1807

389
1861

348
1747

382
1927

387
1912

397
1931

398
1769

389
1770

390
1856

388
2044

358
1761

388
2209

410
1864

376
1915

428
1923

386
1989

344
1744

395
1850

355
1984

345
1763

385
1971

378
1956

349
1720

387
1734

351
1756

389
1704

383
1840

386
1868

399
1806

399
1812

384
1936

414
1797

343
1738

384
2092

387
1738

386
1769

377
1808

389
1762

374
1866

386
1867

348
1880

403
2018

352
1923

347
1830

418
1763

386
1848

359
1810

392
1814

361
1778

393
1817

393
1903

886
4316

849
4312

869
5122

845
4305

501
2385

481
2408

476
2386

472
2385

476
2373

505
2452

493
2462

363
1893

389
1834

381
1809

386
1854

385
1769

398
1944

354
1704

377
2041

344
1700

377
1844

392
1841

354
1824

414
1824

385
1982

341
1752

395
1843

349
1736

391
1811

349
1739

375
1894

391
1805

388
1797

1550
8218

1547
8502

1554
8608

899
4584

901
4630

921
4580

913
3274

556
2795

387
1784

388
1857

340
1765

390
1710

381
1831

381
1976

383
1904

388
1873

387
1796

388
1893

359
1832

387
1892

365
1798

368
1778

387
1890

380
1791

463
1865

387
2120

385
1903

395
1867

1493
2759

403
2017

381
1890

389
1774

388
1779

380
1884

396
1747

389
1803

340
2169

380
1772

405
2005

409
2024

345
1780

390
1863

367
1734

375
1907

344
1893

390
1770

378
1814

392
1807

1270
7193

678
3367

655
3345

691
3770

667
3362

673
3353

674
3352

676
3374

676
3377

677
3373

674
3373

1264
6493

735
3765

722
3761

761
3780

749
3744

474
2298

462
2279

470
2293

464
2308

465
2279

455
2313

460
2290

473
2293

454
2307

459
2352

468
2309

350
2095

394
1717

388
1855

419
1935

390
1926

399
1847

389
1804

387
1931

394
1787

358
1830

391
1791

356
1771

384
1784

395
1878

377
1762

388
1792

386
1814

361
1724

386
1743

390
1759

374
1883

361
1762

383
1794

332
1644

385
1750

381
1759

392
1855

375
1852

391
1912

369
2015

395
1775

338
1757

387
1859

345
2013

396
1916

390
1782

389
1816

382
1844

386
1814

358
1702

396
1802

382
1820

383
1749

375
1799

387
1803

384
1801

387
1910

338
1655

388
1719

388
1797

386
1803

382
1800

386
1778

338
1712

386
1686

373
1689

382
1705

394
1774

381
2019

386
1818

389
1777

449
1879

381
1893

376
1744

386
1764

398
1842

400
1783

391
1849

389
1775

362
1715

376
1819

370
1801

370
1749

386
1794

384
1802

390
1783

378
1784

419
1688

381
1715

370
1784

386
1781

387
1799

396
1746

385
1809

391
1808

340
1669

381
1794

387
2017

371
1714

417
1884

370
1872

369
1895

389
1850

431
1914

387
1807

394
1788

392
1757

392
1753

393
1775

394
1787

381
1806

339
1933

388
1768

387
1784

418
1751

387
1883

385
1743

389
1832

384
1810

345
1688

392
1782

380
1748

364
1746

387
1802

384
1766

378
1731

386
1776

348
1703

391
1841

378
1805

395
1825

392
1861

391
1754

347
2054

454
1839

355
1717

379
1727

351
1673

361
1736

387
1805

387
1789

380
1812

383
1822

399
1782

389
1883

417
1745

356
1692

380
1770

388
1761

369
1778

385
1819

353
1711

370
1827

382
1739

384
1779

387
1807

395
2058

357
1729

387
1699

378
1805

388
1765

382
1815

355
1918

387
1849

705
3284

397
1967

392
1744

387
1785

386
1798

342
1854

386
1729

341
1822

385
1711

384
1750

394
1845

362
1812

387
1961

347
2273

381
1773

368
1716

385
1767

389
1758

351
1662

387
1876

387
1841

348
1727

388
1824

385
1813

394
2285

338
1877

387
1734

339
1752

386
1754

377
1752

384
1856

383
1800

343
1692

386
1769

392
1741

342
1679

380
2057

384
1857

333
1654

384
1853

385
1747

390
1750

386
1916

385
1737

393
1778

428
1877

400
1705

384
1792

348
1837

385
1734

390
1951

386
1863

387
1768

386
2114

401
2105

386
1858

353
1776

380
1733

344
1962

379
1692

384
1994

356
1811

431
1892

390
1867

340
1751

387
1853

353
1897

388
1702

389
1810

385
1768

383
1823

387
2515

342
1920

387
1793

349
1711

382
1773

390
1850

385
1727

393
2011

391
1858

375
1904

389
1825

348
1772

387
1836

388
1956

341
1755

401
1967

392
1811

366
1736

392
1846

351
1782

393
1874

348
1711

392
1858

391
1817

389
1829

383
2091

384
1803

340
1695

1038
5306

1040
5313

1052
5412

512
2617

507
2773

369
1760

387
1833

345
1704

390
1716

384
2043

387
1844

391
2157

381
1843

379
1745

393
1945

396
2071

386
1791

387
1799

384
1833

344
1772

389
1773

383
2053

380
1758

388
1765

364
1769

396
1879

355
1878

358
1775

394
1860

390
1889

382
1831

386
1811

380
1749

387
2058

395
1839

346
1744

385
1715

379
1737

366
1743

387
2034

383
1841

383
1843

387
1856

379
1733

388
1740

398
1913

383
1774

387
1848

354
2014

416
1742

394
1788

348
2043

390
1754

387
1707

372
1904

382
1916

369
1857

380
1932

382
1895

340
2190

386
1804

385
1723

380
1791

412
1999

390
1809

383
1712

384
1769

462
1844

361
1676

391
1915

381
1745

386
1846

382
1832

409
1771

385
1830

401
1832

384
1749

359
1712

388
1775

379
1805

379
1701

389
1908

392
1784

388
1829

390
1780

355
1730

385
1827

396
2141

367
1842

368
2015

391
1770

394
1833

386
1798

334
2183

390
1775

377
1778

386
1789

391
1786

383
1780

384
2133

394
1783

367
1724

388
1784

392
1826

383
1729

389
1770

380
1781

392
1777

380
2099

377
1881

361
1992

355
2581

391
1844

437
1704

355
1753

744
3870

752
4131

854
4320

844
4270

853
4265

487
2375

482
2370

480
2366

481
2373

477
2374

481
2361

483
2385

474
2388

483
2391

490
2386

481
2374

477
2368

480
2436

486
2368

476
2382

480
2456

477
2379

475
2357

487
2396

489
2407

480
2372

478
2424

485
2379

482
2414

478
2381

481
2355

475
2378

477
2429

479
2366

466
2365

483
2399

496
2451

498
2475

354
1909

391
1813

385
1843

385
1804

386
1699

390
1692

387
1818

394
1715

388
1769

388
1794

377
1812

388
1802

385
1810

396
1834

353
1700

378
1813

336
1800

381
1794

396
2007

393
1811

355
1857

386
1765

390
1898

385
1798

395
1797

405
2032

387
2018

382
1801

377
1695

384
1776

390
1921

389
1765

393
1795

386
1793

399
1835

341
1796

368
1991

386
1852

389
2055

382
1783

390
1759

385
1907

385
1976

395
1869

341
1707

391
1807

343
1768

393
1832

416
2126

391
1802

383
1797

388
1784

386
1755

378
1902

394
1766

389
2012

387
2249

385
1816

342
1744

386
1734

387
1776

370
1856

423
2093

351
1854

350
1707

384
1852

658
1843

382
1932

389
1778

389
1728

391
1882

392
1784

375
1839

370
1825

351
1726

393
1802

362
1718

388
1853

405
1856

382
1834

386
1794

349
1717

367
2060

390
1835

374
1808

387
1886

389
1801

391
1805

365
1705

377
1760

359
1784

388
1771

348
1749

385
1757

382
1793

389
1818

588
1821

384
2228

361
1702

395
1775

390
1834

383
1864

388
1832

383
1888

349
1693

392
1757

392
1797

366
1773

446
1894

394
1816

396
1830

399
1792

340
1758

387
1792

397
1683

385
1745

360
1842

392
1738

341
2020

390
1722

382
1816

386
1812

383
1803

395
1743

381
1781

377
1931

387
1804

649
2861

388
1830

372
2186

392
1788

385
1778

332
1727

390
1801

350
1843

514
1907

509
1797

387
1841

432
1816

397
1809

352
1718

386
1762

382
1940

384
1755

379
1845

388
1847

339
1715

382
1717

378
1810

391
1765

377
1791

394
1813

378
1833

388
1828

343
1784

386
1736

403
1889

368
1892

382
1756

381
1803

382
1858

388
2228

333
1702

1594
8184

1084
4528

1008
4889

540
2644

522
2571

684
4744

895
4631

561
2785

555
2766

561
2771

561
2770

912
4638

915
4570

915
4928

893
4576

894
4527

893
2933

516
2559

518
2550

515
2556

521
2545

519
2560

512
2557

505
2577

516
2552

531
2646

541
2703

448
2099

388
1747

381
1873

392
1785

519
2561

509
2542

529
2622

510
2321

479
1893

391
1812

391
1826

378
1876

363
1949

510
2568

518
2570

508
2561

518
5297

1216
6448

1231
6411

1253
3811

750
3742

751
3802

729
3730

4844
7020

721
3745

476
2359

577
2530

514
2408

485
2536

474
2355

484
2374

468
2375

482
2391

645
2370

477
2453

479
2366

484
2383

486
2362

502
2487

480
2400

485
2383

482
2358

490
2382

482
2510

488
2380

354
2012

378
1795

386
1784

387
2294

378
1746

385
1792

385
1820

341
1746

383
1739

387
1787

337
1719

365
1677

378
1807

1241
6437

1241
7431

1466
5783

1550
4247

774
3809

358
1810

384
1743

510
1781

397
1838

387
2098

454
1769

400
1876

457
2155

390
1914

390
1785

388
1988

391
1772

387
1703

340
2270

386
1788

392
1784

405
1848

395
1779

393
1805

385
1835

385
1802

345
1744

388
1727

381
1775

372
1789

387
1879

385
1781

370
1802

390
1976

339
1678

379
2198

386
1764

383
1756

388
1809

384
1791

386
2168

388
1929

379
1743

386
1739

351
1820

366
1791

391
1815

383
1896

357
1789

384
1750

369
1750

388
1725

388
1787

385
1889

386
1861

390
1823

364
1737

387
1847

360
1739

383
1814

396
1851

387
1826

384
1906

388
1814

356
1806

382
2026

364
1782

367
2302

405
1936

368
1825

393
2601

411
2133

354
1731

393
1777

393
1861

378
3716

836
4323

1779
8001

1988
7990

1614
8067

1564
8412

1585
8058

1588
8258

1535
8198

885
4614

889
4753

911
4617

901
4593

896
4532

906
4582

912
4572

903
4547

907
4681

515
2725

518
2569

516
2555

521
2613

527
2615

520
2575

512
2635

517
2560

514
2558

521
2558

510
2571

510
2556

532
2548

515
2547

512
2564

528
2552

517
2626

534
2969

520
2564

520
2815

526
2564

520
2563

521
2578

512
2594

1295
2736

656
2724

643
2741

644
2734

643
2861

481
1903

427
1802

495
2712

575
1914

513
2422

3406
3339

2290
4717

2463
5196

2626
5613

2466
6889

2692
7269

2787
7190

2457
8367

2976
8156

2745
8293

2736
8673

2687
9280

3071
10171

2572
9435

2578
10070

2513
10165

2497
10218

2566
10796

2315
10549

2339
10995

2431
10705

2530
11108

2533
10547

2963
11129

2593
12162

2736
11862

2123
12077

2228
12679

2126
11497

2378
11639

2120
11265

2214
11265

2318
12166

2209
11841

2556
11408

2469
11418

2450
12052

2332
12277

2533
12722

2894
12513

2254
11649

2278
11142

2198
11471

2179
11260

2199
11398

2106
11420

2044
11104

2167
11774

2301
12572

2365
11336

2226
11764

2224
13541

2220
11355

2152
12370

2148
11380

2221
11961

2305
13281

2160
11306

2091
12171

2247
11881

2386
11284

2076
11286

2053
11788

2146
11974

2564
11463

2361
11431

2226
11224

2119
11156

2218
11509

2151
11134

2167
11223

2061
11231

2684
11253

2241
11218

2186
11165

2137
11610

2088
12297

2098
11172

2184
12025

2144
11199

2192
11693

2225
11397

2135
11992

2123
11744

2138
11348

2171
11265

2033
11089

2135
10958

2019
11228

2374
11252

2354
11150

2252
11414

2318
11250

2043
11654

2003
11821

2210
11889

1999
11498

2132
12129

2106
11098

2308
11160

2079
11246

2148
11140

2291
11479

2507
11564

2059
11418

2316
11604

2644
11105

2500
11164

2260
11340

2358
14369

2272
12689

2449
11210

2618
11409

2163
11383

2117
11323

2217
11617

2210
11517

2155
11879

2036
12211

2168
11044

2224
11553

2182
11029

2127
11300

2204
12020

2181
11022

2273
11253

2134
11280

2096
11348

2288
10970

2247
12175

2187
11297

2264
12074

2004
11268

2155
12000

2059
11482

2094
11796

2183
11045

2087
10891

2180
11076

2239
10825

2337
11594

2190
11348

2689
11601

2078
11537

2165
11695

2128
11709

2122
11362

2025
11712

2240
11679

2164
11334

2021
11416

2149
11450

2133
11640

2166
11319

2459
10899

2391
11237

2338
11532

2161
11477

2109
11690

2218
11313

2184
11597

2112
11335

2216
11667

2166
11235

2164
11173

2165
11239

2271
11664

2099
11936

2146
11374

2131
11053

2301
11082

2060
11119

2249
11317

2081
11379

2049
11203

2115
11415

1992
11368

2131
11369

2271
11271

2681
11070

2175
11004

2178
10898

2019
11616

2379
11684

2435
11114

3042
14836

3108
11169

2989
11287

2200
11273

2213
11903

2073
11851

2149
12013

2038
11235

2095
11725

2137
11137

2166
11620

2346
11050

2104
11788

2248
11182

2250
11187

2213
11335

2397
11016

2212
12007

2098
11259

2114
11082

2145
12060

2198
11714

2165
11998

2216
11610

2158
11272

2125
11476

2146
10930

2163
11092

2175
11047

2582
11197

2108
11497

2195
11082

2223
12155

2143
11488

2094
11457

2152
11829

2063
11135

2127
11699

2498
11689

2116
15302

2146
11495

2126
11568

2195
11312

2157
11622

2128
11394

2184
11717

2128
11302

2179
11312

2113
10950

2156
11116

2298
11835

2229
12156

2105
11670

2025
12579

2059
11230

2121
11809

2117
11220

2096
11545

2207
11292

2027
11316

2110
11363

2133
11087

2214
11241

2450
12149

2103
11398

2168
11348

2299
11219

2063
11187

2195
11380

2072
11599

2134
12301

2130
13051

2102
11309

2227
11555

2075
11322

2190
13573

2130
12260

2244
11757

2069
11284

2140
11384

2076
11167

2218
11536

2172
11483

2120
11596

2210
11241

2545
11127

2180
11093

2256
12028

2295
11632

2173
12444

2229
11353

2071
11264

2191
11338

2291
11937

2366
11959

2208
11443

2118
11149

2149
11683

2055
11625

2085
11542

2149
11069

2065
11576

2084
11134

2025
11456

2384
11609

2114
10929

2160
12025

2212
11253

2470
11069

2033
11093

2317
11488

2187
11281

2094
11699

2112
11719

2148
11662

2015
11642

2205
11284

2243
11009

2314
11215

2444
11334

2066
11035

2300
11127

2068
11118

2122
11596

2165
12007

2039
11614

2225
11319

2135
11588

2053
12115

2013
11150

2174
11374

2098
11373

2068
11725

3138
11140

2130
10952

2217
11095

2293
11163

2179
12858

2232
21087

5985
26186

4058
14133

2245
11445

2189
11693

2142
11730

2552
12218

2163
11844

2524
12944

3042
12996

2161
12206

2402
12051

2357
11185

2088
12215

2106
12199

2533
13505

3164
11657

2367
12304

2099
11725

2170
11515

2200
12127

2416
12335

2331
11659

2617
11167

2404
11251

2352
11897

2271
12043

2126
11730

2104
11240

2469
11804

2390
11303

2080
11126

2172
11597

2408
13243

2120
11769

2155
11451

2143
11245

2219
11298

2266
11675

2422
12829

2211
11719

3988
14063

2390
12241

2128
11896

2267
11624

2166
11352

2167
11503

2394
11305

2140
11106

2283
10903

2310
11085

2438
11185

2161
11598

2014
11550

2165
11252

2216
11393

2158
10967

2108
11399

2104
11654

2264
11396

2138
10942

2314
10963

2094
11139

2347
12578

2468
13710

3517
15904

2181
12136

2356
11923

3141
14321

2217
14772

2114
11341

2166
11299

2227
11215

2112
11433

2144
11749

2252
10963

2431
10919

2279
11156

2270
12401

2278
12490

2164
11307

2142
11850

2128
11850

2280
11344

2157
11239

2107
11264

2111
10907

2218
11053

2052
11139

2128
11138

2386
11993

2468
11175

2139
11603

2279
11879

2123
11612

2109
11384

2255
11491

2104
11182

2037
11473

2176
11243

2164
11737

2127
11275

2471
11146

2509
11074

2376
11088

2107
11947

2073
11623

2485
11289

2080
11985

2128
11156

2174
11414

2123
11456

2090
11501

2221
10872

2374
11002

2325
11082

2274
11229

2110
13005

2151
11430

2351
11659

2412
11789

2295
12791

2184
11770

2212
12550

2084
11271

2060
11706

2114
11339

2242
11939

2246
11080

2108
11130

2172
11074

2127
11305

2184
11130

2278
11189

2637
11806

2133
11280

2115
11273

2319
11775

2225
11000

2136
11075

2029
11315

2150
11128

2022
11242

2185
11306

2218
11196

2113
11834

2129
11141

2077
11494

2281
11882

2118
11085

2135
11993

2251
11162

2087
11370

2200
11580

2086
12345

2058
11313

2263
11753

2048
11319

2120
11020

2306
11565

2156
11228

2653
11217

2141
11530

2194
11396

2066
11817

2360
11286

2071
11838

2091
10826

2130
11760

2110
11869

2123
11343

2191
16384

2291
11677

2056
10917

2024
11330

2242
11799

2210
11538

2335
12351

2157
12058

2357
10883

2115
11211

2222
11413

2125
11213

2079
11531

2266
11548

2119
11512

2211
11612

2104
11713

2526
10912

2032
11428

2125
10924

2425
11146

2187
11786

2126
11268

2101
11853

2117
11524

2587
11581

2213
11142

2228
11284

2195
13191

2084
11734

2041
11124

2104
11206

2276
11319

2366
11623

2296
10840

2376
10907

2116
11614

2137
11274

2209
11403

2088
11215

2131
11683

2040
11091

2194
11097

2290
11463

2040
10997

2075
11195

2134
11033

2121
11758

2410
11555

2126
11505

2134
11721

2175
11583

2207
11256

2315
11438

2183
11158

2197
11866

2070
11228

2668
11129

2349
11415

2135
11254

2526
11396

2358
10977

2215
11200

2220
11716

2352
11460

2209
11644

2094
11314

2170
11772

2078
11730

2224
11261

2143
11293

2195
10926

2183
11412

2108
11109

2214
11423

2168
11189

2229
11131

2203
11603

2297
11034

2374
11627

2193
11457

2137
11647

2105
11720

2123
12582

2154
11365

2159
11334

2355
11992

2559
11901

2165
11015

2136
11382

2102
11307

2443
11403

2116
12283

2079
11874

2203
11344

2079
11089

2176
11536

2220
11269

2526
11216

2248
10852

2382
11409

2146
11816

2065
12193

2167
11358

2084
11517

2001
11584

2042
11256

2415
11111

2130
11536

2072
11042

2068
11052

2138
11714

2378
11140

2174
10980

2063
11143

2202
11128

2141
11888

2151
11667

2179
11623

2353
11309

2412
10881

2236
11252

2127
11087

2135
11938

2017
11275

2294
11842

2201
12012

2251
11408

2155
12018

2059
11064

2190
11064

2145
11182

2104
11063

2492
11510

2326
11796

2112
11123

2253
11408

2414
11823

2268
11523

2240
12521

2240
12125

2021
11436

2058
11367

2292
11818

2363
11440

2055
10929

2117
11803

2155
11192

2085
11512

2065
11064

2244
11773

2143
11675

2134
11470

2149
11960

2142
10969

2078
11609

2231
12000

2242
11580

2103
11277

2408
11903

2127
11050

2379
11340

2193
11530

2313
11483

2256
10994

2222
12180

2223
11424

2139
11575

2209
11247

2128
11047

2211
11446

2078
11152

2116
11678

2294
12007

2229
12444

2183
11141

2282
10973

2155
11036

2207
11133

2312
21104

5029
27411

2063
11509

2137
11519

2094
11382

2232
11717

2127
12135

2054
10832

2221
11558

2187
11689

2127
11490

2296
11574

2113
11754

2103
11427

2270
11512

2081
11454

2104
11626

2064
11741

2113
11507

2116
11268

2072
11613

2169
11395

2310
11101

2128
11553

2439
11379

2245
11716

2097
11340

2064
11255

2132
11704

2064
11618

2611
11524

2174
11684

2142
11167

2175
11351

2141
11357

2057
11596

2534
11357

2249
11426

2268
12351

2287
11203

2225
11654

2239
11221

2256
11302

2157
12053

2214
11588

2347
11255

2055
11178

2204
11285

2068
11230

2391
11920

2273
11430

2101
11152

2185
11024

2168
11444

2287
11303

2639
11477

2237
11442

2111
11135

2283
11481

2046
11322

2195
11956

2300
11753

2366
12151

2362
11699

2200
11376

2354
11053

2196
10974

2214
11076

2061
11029

2157
11289

2482
11775

2492
11340

2128
11477

2235
11594

2339
11357

2111
11824

2184
11210

2120
11171

2164
11347

2130
11320

2139
11479

2177
11101

2248
11309

2203
11351

2178
11132

2286
12735

2058
11329

2165
11726

2125
11907

2196
11725

2334
11042

2180
12042

2206
11224

2438
10994

2242
11403

2211
11457

2136
11326

2264
11332

2350
11638

2230
11856

2237
11938

2197
11162

2085
11450

2067
11606

2157
11317

2325
11937

2331
11949

2685
11416

2324
11455

2144
11065

2101
11261

2061
11271

2355
11154

2209
11199

2238
11150

2082
11703

2317
14249

2065
11076

2177
11492

2224
11499

2084
11273

2174
11441

2366
11765

2236
11297

2110
10925

2119
11515

2120
11075

2173
10998

2204
11183

2517
11167

2127
11402

2255
11246

2316
11569

2097
11046

2192
11280

2143
11427

2150
11496

2170
11695

2092
11574

2178
11127

2234
11377

2203
11057

2217
11032

2332
11828

2574
11307

2279
11558

2076
11499

2099
11744

2073
11565

2076
11478

2143
11282

2146
11056

2120
11300

2090
11206

2230
11746

2287
11803

2268
11555

2298
11172

2286
11403

2329
11028

2144
11368

2452
11543

2293
11496

2158
11281

2205
11238

2263
11190

2614
12649

2120
11527

2190
11518

2063
11106

2099
11676

2103
11119

2247
11299

2242
10887

2449
10875

2196
10992

2193
11257

2433
11888

2058
11126

2425
11258

2165
11313

2538
11578

2200
11207

2062
11259

2192
11002

2110
11981

2214
11236

2350
11562

2140
11582

2333
11604

2183
11418

2230
11389

2083
11402

2303
11204

2314
11390

2146
11318

2203
12413

2162
11063

2121
12418

2154
11521

2081
11397

2049
11827

2164
11275

2230
11373

2215
11013

2090
11508

2059
11060

2187
11365

2161
11138

2281
11213

2078
11393

2200
11549

2096
11907

2195
11131

2168
11110

2168
11264

2204
11756

2228
12196

2599
11592

2147
11610

2222
12119

2346
11656

2036
11094

2458
11084

2446
11367

2273
12162

2299
11654

2178
11838

2433
12342

2239
11242

2464
11482

2114
11305

2258
11814

2176
11936

2157
11466

2106
11696

2058
12041

2140
11685

2159
11470

2216
11554

2165
11012

2411
11455

2507
11297

2268
11186

2216
11267

2396
12608

2387
11443

2489
11484

2369
11799

2278
12803

2127
11527

2147
12398

2147
11404

2167
11706

2096
11456

2090
11914

2209
11038

2197
11022

2214
10961

2129
10984

2346
11303

2468
11159

2397
11329

2126
11040

2098
12156

2202
11262

2186
11399

2116
11561

2126
11081

2171
11139

2111
11552

2227
11012

2444
11743

2349
11765

2151
11086

2365
12274

2332
12387

2166
11291

2182
11608

2384
12544

2261
12078

2245
11212

2161
11603

2187
12056

2156
11117

2226
11931

2102
10940

2164
11061

2262
11172

2254
11160

2076
11300

2307
11193

2346
11521

2236
11577

2161
11735

2041
11051

2168
11759

2114
11923

2030
11105

2210
11912

2192
10891

2142
11163

2542
10989

2357
11638

2159
11855

2137
11988

2032
11294

2159
11787

2089
11445

2121
12002

2074
10922

2199
10844

2229
10967

2211
11057

2598
11192

2143
11160

2122
12061

1998
11090

2534
11628

2081
12057

2158
11279

2441
11841

2151
10984

2251
11109

2068
11677

2051
11356

2315
11946

2157
11090

2277
11200

2228
11724

2378
12347

2160
11264

2210
11530

2068
11287

2146
11204

2170
11723

2043
11703

2177
11506

2019
11033

2072
11620

2088
11080

2423
11095

2326
11519

2153
11272

2151
11220

2165
11468

2184
12070

2110
11236

2212
11447

2271
11197

2052
11286

2426
11094

2064
11034

2103
11267

2151
10913

2031
11082

2326
11042

2174
11742

2029
11472

2189
11641

2082
11088

2084
11306

2305
11275

2317
11345

2119
11146

2265
11438

2196
11722

2613
11047

2170
11844

2125
11311

2336
11548

2100
11070

2072
12015

2160
11631

2087
11700

2268
11409

2150
10915

2126
11621

2174
11142

2296
11115

2259
11731

2087
11789

2147
11915

2162
11820

2130
11908

2213
11865

2190
13125

2260
11927

2358
11712

2280
11639

2342
11456

2369
11310

2643
11307

2219
10924

2165
11070

2329
11508

2222
11178

2143
11540

2165
11718

2055
11260

2365
11680

2126
11671

2176
11368

2161
12567

2143
11522

2270
11291

2122
11106

2169
11270

2229
11107

2371
11220

2170
11255

2214
12783

2190
11144

2322
11809

2100
11569

2080
11731

2042
11432

2278
11473

2243
10999

2108
11076

2258
11013

2148
11296

2203
11284

2077
11000

2137
11338

2098
11469

2129
11755

2288
11682

2312
11398

2105
12035

2108
10985

2125
11062

2164
11395

2204
11820

2453
11159

2290
11154

2223
10901

2228
11944

2203
14379

2307
11340

2149
12328

2236
11281

2200
11895

2169
11989

2246
11117

2190
11660

2253
11471

2379
11721

2351
11366

2167
11361

2501
11670

2232
11676

2350
11421

2210
11944

2359
11352

2697
11526

2371
11367

2237
11475

2175
11690

2190
11459

2071
11416

2181
11661

2158
11236

2152
11582

2211
11271

2238
11140

2192
11212

2257
11500

2112
11256

2213
11280

2318
11032

2276
10981

2267
11673

2132
11054

2158
11488

2212
11063

2204
11155

2367
11846

2123
11086

2118
11045

2378
11395

2087
11273

2130
11566

2174
12147

2335
11418

2336
11663

2408
11390

2587
11261

2361
11802

2299
11808

2094
11574

2114
11963

2105
11130

2118
11333

2138
11468

2219
11207

2132
11451

2385
11932

2233
12142

2124
11284

2141
11531

2232
11173

2125
11063

2089
11540

2050
10952

2604
11395

2081
11106

2121
11045

2303
11800

2099
11584

2115
11161

2146
11149

2037
12280

2111
11136

2258
11355

2109
11703

2212
11769

2226
12530

2134
11262

2215
11288

2175
11120

2208
11464

2128
11740

2201
11365

2039
11434

2203
11312

2310
11384

2153
11367

2270
11322

2426
11273

2152
11850

2179
11354

2320
11372

2158
11204

2181
11197

2053
11172

2265
11052

2250
11256

2167
11343

2474
11228

2126
10929

2533
11593

2228
11215

2126
11684

2169
11219

2291
11542

2179
11163

2043
11580

2151
11440

2089
10986

2164
11654

2093
11429

2261
11551

2196
11839

2106
11204

2220
11273

2285
11315

2068
11267

2254
10998

2172
10893

2228
11265

2134
11077

2144
11270

2481
11193

2112
11430

2189
11184

2135
11279

2691
11658

2282
11055

2746
12563

2358
11864

2283
11898

2204
11642

2310
11124

2108
11668

2146
11468

2096
11143

2228
11164

2094
11045

2553
11073

2121
11145

2124
11137

2163
11092

2051
11024

2318
11022

2542
10995

2101
11479

2120
11588

2234
11674

2473
11241

2283
11767

2196
12067

2161
11281

2235
11849

2172
11402

2223
11601

2147
12077

2376
11363

2106
11717

2185
11112

2376
11282

2217
11181

2155
11404

2323
11601

2418
11691

2435
12105

2193
11522

2296
11826

2349
11305

2192
11508

2242
12202

2202
11911

2494
11663

2515
11759

2034
11691

2180
11032

2099
11672

2202
11486

2152
11324

2089
11352

2232
11847

2007
10975

2108
11786

2130
10952

2048
11354

2209
11936

2169
11377

2178
11502

2134
11981

2200
11221

2139
11680

2190
11437

2133
11372

2203
11297

2082
11024

2072
11078

2223
11088

2189
11494

2290
11014

2264
12204

2227
11043

2438
10907

2444
11577

2090
11152

2233
11716

2146
11318

2219
11428

2162
11243

2085
11335

2267
11779

2030
11103

2136
11720

2018
11155

2099
11080

2023
11599

2293
11282

2233
11258

2049
11070

2163
11770

2358
12256

2231
11602

2094
11196

2204
11088

2184
11674

2394
11415

2138
11498

2185
11334

2146
10965

2357
11583

2101
10971

2131
11457

2089
11234

2488
11664

2147
11661

2097
11134

2088
11510

2168
11537

2123
11258

2282
11492

2195
10897

2153
11042

2221
11712

2256
11116

2153
11731

2214
11478

2174
11281

2055
11706

2139
11658

2215
11122

2304
11417

2292
11762

2699
11615

2095
11360

2164
14164

2258
11115

2158
12686

2072
11044

2240
10952

2205
11338

2303
11465

2066
11185

2045
11041

2302
11531

2173
10835

2232
11427

2093
11098

2237
11167

2149
11223

2202
11229

2121
11403

2213
11234

2520
12154

2452
12283

2226
11630

2307
10919

2242
11075

2469
11159

2440
11315

2064
12024

2115
11760

2184
11802

2085
12586

2106
11002

2170
11805

2239
11418

2149
11469

2205
11576

2145
11266

2209
11485

2242
11396

2155
11057

2073
11209

2146
11283

2200
11086

2069
10950

2391
11037

2122
11061

2035
10826

2657
10975

2101
11042

2070
11234

2161
11465

2259
11096

2646
11107

2218
11793

2188
11827

2121
11560

2305
11690

2420
11494

2240
11683

2180
11584

2419
11476

2472
11753

2269
11089

2296
11754

2386
11746

2170
11701

2238
11855

2378
11332

2144
11459

2345
11606

2238
11182

2108
11785

2232
11258

2167
11107

2107
11431

2194
11721

2485
12676

2166
12352

2153
11188

2061
11184

2114
11396

2200
10794

2169
11050

2203
11041

2269
11098

2318
11320

2371
11225

2175
10975

2218
12843

2268
11284

2018
10830

2179
11838

2152
11326

2157
11393

2087
11158

2260
11045

2506
11048

2265
10998

2394
10956

2179
10822

1977
11329

2149
11178

2082
11650

2148
11124

2065
11769

2084
14817

2345
11382

2140
11709

2104
11396

2590
11438

2173
11376

2134
11480

2253
11629

2213
11513

2288
11230

2214
11427

2076
11195

2150
12181

2005
11258

2600
11132

2108
11805

2183
11076

2086
11546

2128
11276

2248
11136

2155
11196

2233
11137

2218
11665

2079
11025

2258
12007

2176
12237

2093
11826

2175
11067

2203
11072

2291
11198

2212
11012

2135
11809

2091
11127

2197
10840

2103
11526

2100
11004

2243
11759

2202
11403

2191
11190

2432
11016

2125
11378

2232
11509

2174
11377

2175
11196

2171
11155

2067
11020

2193
11147

2197
11485

2140
11946

2239
11165

2108
11536

2110
11781

2054
12089

2168
11581

2173
11117

2333
11215

2137
11360

2290
11731

2166
11308

2171
11408

2188
11062

2214
11287

2013
11127

2259
11839

2083
10962

2171
11316

2140
10916

2377
11678

2160
11700

2316
11237

2310
11700

2814
11820

2307
11399

2669
11756

2311
10999

2361
11262

2122
11456

2226
18300

2231
12230

2339
11533

2229
11099

2557
10998

2120
12059

2138
11262

2541
11010

2166
11145

2148
11419

2170
11189

2082
11209

2195
11165

2233
11487

2421
11238

2450
11615

2441
11563

2189
11073

2203
11627

2181
11274

2138
11577

2143
11453

2098
11656

2293
11331

2129
11835

2101
13567

2192
11645

2273
11674

2182
11235

2149
11577

2192
11708

2217
11576

2068
11610

2071
11280

2116
11840

2037
11390

2215
11481

2146
11762

2242
11229

2031
11314

1961
11609

2064
11037

2506
11196

2193
11093

2115
11504

2207
11151

2174
11117

2225
11251

2172
10941

2164
10993

2079
11279

2524
11425

2105
11105

2721
11877

2276
11468

2154
11705

2263
11190

2078
11283

2268
10940

2186
11416

2409
11835

2321
11034

2296
11269

2247
11865

2252
11372

2316
11567

2199
11741

2261
12325

2184
11126

2112
10949

2333
11770

2453
11051

2089
11065

2172
11196

2468
11687

2109
11462

2214
11577

2191
11172

2706
13224

2096
11079

2388
11249

2227
11144

2433
11033

2543
11364

2238
11224

2188
11257

2121
11222

2068
11210

2203
11828

2242
11535

2122
11306

2312
11383

2134
11063

2559
11621

2145
11491

2175
11274

2155
11528

2150
11166

2098
11278

2136
11810

2142
11425

2176
12105

2315
11132

2127
11187

2068
11333

2271
11388

2163
11028

2090
11738

2366
11391

2356
12902

2112
11985

2117
12074

2236
10950

2170
12003

2145
11486

2137
11485

2262
11109

1980
11261

2314
10912

2085
11063

2152
11712

2076
11296

2108
10953

2200
11531

2175
13029

2146
10918

2197
11154

2244
12225

2216
11181

2339
11849

2159
11028

2121
11128

2246
11765

2422
10973

2363
11612

2425
10990

2149
11591

2047
11892

2192
11296

2484
11192

2165
11594

2234
11517

2400
11309

2156
11251

2222
11168

2179
11899

2385
11276

2169
10979

2102
11341

2172
11599

2404
11175

2066
11428

2152
11756

2069
11918

2128
11477

2540
11282

2216
11230

2037
11098

2314
11760

2122
11592

2496
11177

2137
11860

2208
11748

2371
11195

2268
11488

2148
10982

2172
11708

2330
11411

2165
11179

2046
11279

2285
11160

2155
10999

2205
10977

2268
11385

2436
11351

2395
11293

2437
11484

2160
11517

2176
11722

2277
11818

2182
12163

2132
11691

2189
11836

2003
11609

2167
11173

2227
11918

2163
11148

2149
11498

2303
11306

2018
11418

2018
11922

2139
11318

1996
11203

2234
11875

2206
11256

2260
11655

2165
11384

2137
11790

2677
11195

2143
11355

2183
11093

2039
11316

2184
11619

2557
11294

2132
11176

2221
11086

2281
11080

2043
11200

2223
11047

2115
11646

2114
10978

2224
11197

2152
11224

2158
10943

2386
11572

2364
11205

2298
12108

2265
11669

2184
11252

2317
11070

2382
11208

2072
11096

2226
12093

2197
11110

2247
11482

2048
11721

2215
11612

2089
11611

2208
11335

2082
13290

2179
11739

2077
11945

2087
11434

2127
11442

2200
11336

2062
11634

2005
11930

2051
11139

2173
11628

2053
11799

2101
11375

2142
11562

2053
11407

2152
11345

2143
11289

2059
10969

2264
10929

2246
10923

2210
11164

2178
11412

1981
11409

2104
11056

2125
11121

2186
10984

2288
10929

2710
11813

2552
11245

2136
11602

2107
11198

2177
11882

2172
11316

2187
11231

2200
11413

2100
11259

2730
11392

2069
11466

2112
11085

2150
11887

2129
11174

2252
11947

2377
14861

2181
11196

2088
11420

2224
11603

2241
11411

2020
11671

2076
11735

2149
11583

2948
11133

2103
11406

2118
11717

2124
12039

2184
11967

2124
11563

2053
11521

2269
11355

2151
11212

2055
12041

2019
11281

2156
11477

2218
11390

2176
11714

2132
11734

2352
11203

2050
11310

2200
11242

2181
11434

2096
11704

2142
11396

2108
11731

2191
11229

2277
11786

2163
11147

2147
11917

2129
11262

2020
11713

2370
11459

2093
11660

2084
11339

2107
11357

2192
11028

2162
11595

2146
10948

2181
11444

2157
11701

2088
11018

2277
11916

2164
11284

2101
11224

2127
10902

2292
11175

2057
11430

2134
11362

2283
11533

2438
11833

2114
11081

2266
12256

2045
11875

2209
11465

2204
11658

2373
11767

2048
11828

2065
11916

2121
13769

2206
11525

2063
11684

2030
11457

2123
11295

2053
12170

2063
11229

2237
11551

2195
11780

2128
11673

2069
11788

2169
11346

2169
11807

2187
11801

2103
11219

2031
11595

2138
11241

2212
11201

2231
11270

2145
11744

2100
11466

2137
11987

2119
11623

2118
11499

2301
11200

2165
11439

2141
11085

2191
11211

2169
11082

2580
11446

2114
11030

2057
10922

2174
11450

2260
11114

2245
10993

2128
11078

2160
11181

2117
11380

1998
11254

2147
11128

2193
11173

2362
10963

2264
11834

2492
12010

2370
12492

2184
11119

2432
11297

2185
10912

2163
11173

2706
13654

2169
11401

3171
12178

2032
11281

2127
11107

2203
11363

2182
11043

2620
11162

2155
11202

2311
11484

2185
11620

2497
11176

2235
11254

2466
11475

2275
11361

2264
11488

2166
12010

2164
11843

2480
11861

2313
11485

2123
11706

2254
11477

2175
11508

2417
11133

2235
11172

2073
13783

2217
11257

2214
11696

2126
11025

2123
11663

2170
11436

2091
11213

2184
11669

2077
11340

2629
11341

2226
11264

2212
11344

2122
11917

2003
11354

2209
11702

2208
11754

2241
11504

2078
11503

2140
11505

2115
11296

2266
11777

2210
11462

2429
12909

2279
11831

2244
11389

2244
13260

2161
11714

2132
11853

2167
11312

2129
11430

2100
11379

2154
11492

2064
11180

2187
11312

2152
12003

2115
11509

2360
11191

2112
11350

2103
11185

2155
11284

2147
11072

2126
11245

2063
11313

2146
10904

2150
11526

2165
11243

2125
11133

2659
11611

2236
11714

2104
10979

2191
11585

2440
11746

2190
11112

3028
12704

2130
10962

2462
11344

2150
11449

2185
11364

2104
11315

2178
11287

2253
11735

2417
11892

2150
11141

2227
11619

2208
11284

2229
11296

2091
10959

2131
11278

2101
11263

2103
11675

2079
11152

2564
11382

2098
11373

2108
11550

2247
11244

2176
17842

2196
12311

2527
11507

2040
11779

2105
11236

2234
11558

2111
11598

2259
11530

1992
12120

2099
11767

2212
11512

2209
11187

2041
11662

2028
11338

2177
11677

2029
11235

2322
11576

2171
11110

2400
11264

2142
11249

2141
11503

2198
11696

2260
11390

2143
11069

2060
11791

2147
11143

2171
11748

3196
11136

2243
10912

2412
11717

2058
11139

2448
11108

2190
11265

2314
11289

2272
11343

2118
11452

2043
11341

2143
11969

2098
11023

2372
11495

2333
11683

2213
11185

1999
11827

2097
11783

2136
11185

2236
11596

2102
11172

2166
11178

2031
11668

2208
11347

2303
11908

2037
11127

2004
11710

2166
11756

2191
12144

2228
12161

2198
12675

2295
11533

2102
11504

2162
11666

2009
11338

2124
11781

2278
11834

2122
11367

2084
11718

2201
11543

2128
11450

2236
11650

2257
11411

2123
10938

2267
11260

2122
11587

2105
11160

2196
10983

2216
11008

2199
11231

2306
11456

2738
11494

2187
10919

2323
11328

2165
11176

2042
11050

2153
11189

2198
11228

2508
11130

2519
11234

2398
11059

2190
11925

2044
11517

2069
11805

2147
11581

2230
11220

2183
11307

2177
11833

2267
11831

2248
11907

2105
11319

2156
11759

2250
11515

2136
11448

2401
11325

2196
11952

2071
11925

2258
11285

2094
11645

2197
11188

2173
11673

2291
11708

2363
12091

2623
11260

2202
11394

2178
11587

2135
11182

2231
11694

2192
11515

2027
11308

2255
11299

2224
11395

2150
11207

2144
11489

2242
11792

2060
11922

2176
11859

2037
11208

2225
11536

2202
11037

2169
11061

2318
11904

2217
12049

2104
11053

2247
11769

2290
11106

2247
11100

2374
11285

2144
11721

2063
11585

2164
11575

2265
11044

2159
11538

2072
11472

2598
11644

2149
11196

2224
11133

2218
11667

2149
11164

2161
11395

2067
11728

2038
11084

2086
11594

2288
11381

2100
11435

2088
11783

2104
11319

2155
11170

2127
11432

2307
11128

2254
11590

2232
11119

2075
11137

2136
11226

2036
11151

2240
11747

2228
11805

2217
11865

2200
10997

2101
11046

2187
11050

2261
11141

2275
10941

2199
11353

2152
11498

2135
11295

2152
11258

2159
11239

2139
11279

2145
11617

2052
11398

2174
11357

1999
11340

2527
11741

2122
11409

2116
12832

2242
11630

2012
11478

2135
11419

2057
11110

2088
10902

2186
10966

2181
11661

2041
11326

2318
11780

2177
11467

2218
11052

2085
11362

2190
11046

2209
12029

2268
11770

2173
10917

2198
11518

2392
11174

2196
11524

2058
11594

2099
11535

2080
11197

2335
12022

2124
12031

2025
11887

2066
12270

2149
12044

2527
11832

2106
12241

2117
11546

2195
11609

2138
11582

2285
11188

2074
12167

2139
11804

2486
11622

2206
11592

2201
11519

2043
11888

2061
11481

2196
11437

2161
11879

2110
11203

2089
11389

2138
11769

2109
11321

2273
11924

2111
11296

2059
11658

2251
11482

2093
11373

2119
11302

2037
11553

2043
11134

2248
11450

2084
10880

2041
11036

2235
11350

2203
11059

2152
11439

2107
11024

2358
11197

2204
11394

2137
11259

2321
11712

2335
11574

2132
11370

2149
11887

2154
10999

2034
11672

2083
11597

2171
11628

2019
11583

2151
12084

2083
11579

2030
11507

2142
12173

2042
11546

2056
11588

2231
11297

2181
11357

2070
11104

2125
11391

2131
11812

2199
11153

2191
11247

2174
10929

2138
11463

2487
11446

2222
11532

2207
11297

2254
11403

2172
10985

2034
11445

2015
11111

2154
11065

2505
11466

2050
11180

2141
10989

2580
11362

2295
11555

2327
11208

2226
11814

2359
11102

2151
11254

2138
11448

2186
11535

2174
11596

2248
11373

2109
11150

2006
10953

2374
12174

2106
11128

2069
11597

2079
11018

2133
11188

2114
11467

2391
10855

2178
10913

2183
10808

2436
11113

2199
11206

2142
11408

2135
11149

2128
11384

2029
11746

2229
11393

2088
11671

2130
11507

2167
12137

2184
11296

2094
11509

2070
11649

2129
11658

2182
12416

2244
11080

2242
11213

2164
11945

2072
11567

2639
11567

2158
12001

2529
11444

2197
13615

2205
11727

2273
11346

2097
11519

2129
11165

2219
11301

2197
11607

2147
11632

2199
12387

2129
11552

2074
11531

2155
11343

2220
11448

2161
11220

1989
11143

2337
10975

2114
11440

2050
11450

2037
10964

2472
11161

2083
11047

2211
11051

2169
11422

2166
10985

2220
11015

2251
11737

2133
11173

2138
11760

2179
11185

2048
11664

2191
11477

2111
11518

2142
11218

2157
11383

1990
12086

2406
11554

2198
11732

2003
11121

2217
11518

2317
11405

2350
11060

2154
11582

2186
11236

2170
11584

2227
11317

2596
11275

2155
11379

2059
11146

2273
11672

2106
11068

2127
11127

2009
11325

2293
10955

2168
12325

2176
12262

2137
11405

2144
11237

2095
11401

2122
11013

2061
11738

2354
11513

2207
11377

2518
12078

2215
11060

2127
11465

2480
11169

2334
11173

2094
11850

2149
11536

2213
11158

2032
11799

2085
11491

2105
11486

2140
11349

2050
11568

2108
11359

2078
11555

2073
11053

2166
11685

2005
11470

2178
11238

2274
11109

2001
11447

2124
12932

2051
11351

2149
11049

2261
11188

2168
10907

2252
11234

2129
11156

2171
11095

2132
11628

2204
11480

2144
11049

2134
11203

2132
11246

2216
11559

2225
11278

2421
11086

2416
11211

2324
11060

2095
11685

2061
11936

2229
11628

2063
11914

2557
11214

2076
11337

2209
12003

3536
11907

2772
11281

2197
12030

2286
12586

2232
11223

2158
12772

2157
11533

2281
11146

2156
11665

2228
12058

2242
12128

2184
11868

2133
11127

2252
11496

2116
11348

2208
12136

2106
11622

2137
11233

2192
11389

2277
11686

2661
11227

2063
11393

2202
11320

2196
11551

2127
11169

2188
11813

2170
11103

2172
11402

2036
11753

2197
11256

2038
11057

2084
11506

2240
11659

2223
11505

2398
11389

2210
11105

2159
11242

2074
11609

2117
11886

2125
11578

2192
11186

2243
11488

2259
11248

2172
11967

2190
11248

2150
12295

2462
10966

2126
11188

2311
11197

2228
11654

2130
11570

2159
11376

2179
11593

2178
17585

2286
11172

2196
11424

2129
11127

2212
11811

2089
11550

2111
11748

2175
11095

2155
10909

2173
11688

2352
11241

2149
11359

2138
11629

2040
10832

2083
11639

2190
11149

2086
11267

2146
11255

2225
11117

2296
11239

2235
11477

2210
11158

2181
11688

2561
11288

2149
11353

2295
11385

2196
12091

2143
11482

2190
11632

2217
11643

2144
12368

2185
11314

2206
11611

2188
11609

2246
11515

2259
11794

2209
11149

2058
11348

2174
11636

2072
11527

2458
11542

2086
11504

2181
11323

2127
11918

2088
11422

2132
11469

2193
11274

2226
11358

2547
11126

2086
11768

2072
11174

2131
11175

2488
11904

2366
15629

2106
11114

2213
11351

2200
11280

2589
11935

2147
11032

2221
11713

2158
12091

2069
11465

2657
11227

2082
11535

2220
10887

2037
11798

2260
11553

2431
11602

2192
11005

2213
10865

2056
10900

2119
11192

2246
11507

2501
11085

2261
11389

2298
11141

2387
11146

2261
11720

2120
12184

2390
12292

2630
11635

2272
11498

2306
11582

2574
11270

2189
11859

2262
11705

2237
11635

2142
11515

2239
11505

2171
11706

2278
11607

2319
11124

2698
11413

2231
11705

2213
11646

2360
11730

2203
11840

2321
11252

2242
11499

2216
11657

2254
11575

2197
11670

2325
13748

2123
11514

2097
11716

2136
11854

2222
17386

2278
11096

2180
11431

2248
11584

2036
11432

2179
11565

2075
11931

2023
11133

2186
11851

2175
11343

2148
11767

2057
11519

2064
11445

2069
11677

2085
11315

2126
11487

2116
12046

2374
11281

2187
11840

2136
11885

2048
11554

2132
10942

2203
11446

2337
10782

2149
11492

2224
11369

2259
11296

2092
11669

2356
11027

2166
10954

2176
11075

2107
11313

2539
11485

2115
11235

2422
11527

2094
12037

2110
11782

2119
11200

2098
11294

2250
10855

2032
11274

2280
11300

2171
11259

2153
11235

2308
11097

2141
11012

2181
11113

2372
11675

2256
10949

3003
12099

2411
11158

2135
11857

2642
12035

4401
16500

2158
11955

2264
11613

2453
11386

2101
12096

2153
11062

2297
11047

2073
11877

2246
11692

2187
11134

2143
11396

2313
11355

2273
11447

2423
11401

2275
11615

2182
11436

2101
11328

2183
11735

2141
12318

2128
11002

2515
11945

2173
11046

2086
11776

2139
11680

2126
10894

2249
11467

2108
11320

2482
11107

2334
11350

2361
11416

2246
10981

2122
11991

2226
11104

2136
11346

2062
11651

2030
11537

2197
11365

2262
11520

2129
11024

2049
11601

2082
11541

2418
11215

2169
11370

2146
11562

2369
11735

2055
11688

2112
11444

2103
11530

2174
11214

2260
11447

2114
11012

2092
10965

2190
11687

2305
11700

2582
11152

2187
11427

1994
11021

2232
11476

2596
11230

2482
11136

2271
11835

2233
10915

2023
11184

2184
11403

2095
11056

2238
11770

2252
12442

2148
10986

2120
11508

2579
11185

2202
11099

2351
11741

2380
11314

2154
11169

2137
11267

2073
11254

2217
11448

2114
11420

2603
10980

2371
11188

2069
11396

2115
11465

2134
11490

2346
11519

2175
11234

1999
11633

2117
11335

2139
11458

2157
11436

2159
11493

2150
11052

2085
11395

2124
11922

2160
11630

2222
11672

2229
11292

2186
11587

2185
11354

2183
11449

2181
11396

2129
11127

2262
11107

2175
10937

2100
10970

2107
11181

2094
11648

2121
11394

2315
11693

2241
11273

2051
11597

2220
11309

2149
11614

2122
11212

2462
11368

2267
10934

2136
11606

2217
11652

2435
11914

2082
11127

2142
11143

3692
11242

2235
11248

2513
11368

2130
11226

2206
11451

2089
11399

2209
10983

2145
10872

2085
11456

2400
11181

2173
11081

2262
11379

2106
12021

2155
11738

2143
11172

2177
12101

2615
11572

2131
11811

2211
11363

2573
11798

2182
12039

2259
11297

2249
11272

2148
11484

2138
12135

2078
11687

2242
12986

2060
11784

2300
11178

2190
11113

2582
11867

2097
11754

2152
11575

2156
11814

2063
11960

2116
11407

2206
11458

2139
11169

2092
11924

2289
11934

2392
16831

2176
11341

2178
12327

2175
11268

2641
11682

2024
11716

2087
11700

2149
11394

2177
11703

2056
12061

2235
11464

2178
11739

2480
11568

2083
11276

2284
11565

2135
11786

2069
11719

2068
11469

2022
11706

2083
11628

2033
11396

2127
11843

2301
11504

2187
11341

2190
11629

2090
11015

2403
11641

2104
10822

2132
11414

2117
11575

2057
11770

2073
11143

2210
11158

2226
11068

2039
11551

2465
11293

2249
11353

2224
11991

2281
10958

2172
10983

2129
11421

2082
11016

2280
11022

2380
11143

2065
11386

2102
11582

2072
11597

2134
11508

2073
11279

2147
11152

2220
11751

2129
14271

2255
12782

2229
15290

2135
11715

2167
11173

2198
11721

2163
11166

2109
11086

2193
11479

2353
11485

2000
11149

2242
11664

2384
11215

2372
11105

2139
11230

2152
11199

2105
12097

2144
11573

2237
11198

2214
11205

2200
11446

2163
11140

2125
11584

2065
11229

2187
11510

2001
11122

2184
11446

2197
11421

2187
11214

2605
11448

2166
11898

2132
11765

2166
11904

2192
11812

2299
12697

2154
11215

2073
12459

2101
11444

2102
11319

2152
11294

2048
11430

2172
11868

2112
11236

2175
11292

2138
11575

2042
11359

2237
11466

2134
11086

2142
11911

2221
11008

2139
11645

2133
11714

2034
11213

2124
11666

2292
11428

2241
12048

2158
11249

2284
11915

2206
11360

2171
11936

2097
11794

2174
11058

2229
11262

2168
12442

2102
11323

2209
12106

2090
11434

2161
11208

2123
11284

2187
11065

2116
11271

2223
12318

2075
10906

2228
11671

2066
10981

2098
11157

2086
11084

2545
11147

2418
10871

2180
11726

2021
11125

2444
11677

2174
11401

2134
11293

2259
11361

2259
12553

2416
12065

2395
13756

2288
13882

2407
11125

2312
11311

2313
11334

2154
11389

2190
11285

2087
11315

2157
11584

2133
11269

2182
11601

2107
11358

2078
11379

2155
11971

2419
11463

2213
11445

2368
12010

2235
11159

2120
11265

2213
11142

2198
11357

2235
11727

2177
16243

2485
11703

2201
11658

2228
11857

2171
11297

2299
11677

2237
11704

2151
11310

2190
11741

2056
11277

2265
11732

2119
11669

2432
11401

2164
11329

2219
11576

2133
11449

2244
11518

2292
11374

2104
11827

2110
11639

2162
11486

2206
11584

2109
11698

2144
11450

2037
11784

2065
11569

2206
11308

2328
11162

2313
11133

2758
11275

2101
11114

2100
11117

2216
11242

2224
10823

2652
11229

2100
11714

2176
11173

2429
11124

2244
11293

2141
11699

2040
12384

2113
11808

2073
11404

2190
11159

2322
11827

2151
11620

2217
12179

2139
12190

2180
11379

2097
11322

2127
11326

2120
12006

2237
12253

2402
11844

2174
11528

2232
11184

2097
11588

2190
11544

2106
11444

2217
11321

2167
12061

2115
11521

2130
11803

2122
11191

2187
11754

2207
11398

2246
11456

2211
11420

2330
11264

2114
11177

2253
11012

2086
11100

2082
11183

2580
11414

2322
11004

2180
11045

2128
11171

2154
12149

2198
11106

2408
13583

2131
11131

2362
11454

2217
11019

2166
11349

2444
11444

2303
11017

2568
11030

2117
11471

2024
11350

2018
11960

2169
11216

2301
11227

2068
11646

2099
11435

2368
11300

2199
11537

2123
11307

2140
12083

2089
11252

2114
11455

2159
11796

2109
11450

2235
12042

2161
11820

2100
11098

2207
11626

2275
12303

2131
11555

2254
11524

2241
11375

2072
11173

2137
11229

2222
11148

2182
11073

2239
11005

2132
11063

2325
11250

2190
11119

2075
11060

2058
11688

2112
11121

2057
10952

2144
11193

2280
11087

2498
11370

2329
11262

2249
11105

2150
11277

2164
11688

2183
11282

2220
12134

2099
11076

2377
11658

2170
11473

2440
11560

2065
11159

2289
11196

2464
11300

2237
11654

2178
11331

2074
12020

2083
11109

2620
12120

2174
11209

2111
11531

2237
11608

2024
11685

2164
11332

2211
11834

2505
11476

2439
11366

2107
11686

2167
11325

2173
11564

2139
11204

2161
11154

2483
11426

2257
11565

2232
11418

2249
11847

2215
12056

2533
11314

2171
11564

2172
11419

2112
11115

2240
11815

2058
10937

2184
11593

2139
11219

2520
11409

2133
11686

2249
10869

2205
11332

2208
11311

2079
11367

2499
11231

2366
11271

2492
11245

2064
11290

2173
12190

2205
11531

2107
13254

2180
11247

2126
11241

2151
11313

2192
11649

2115
12076

2291
11389

2014
11381

2231
11321

2079
11396

2185
12111

2038
11136

2042
11279

2133
11686

2206
11106

2248
11328

2127
11360

2048
11361

2157
11733

2103
11179

2130
11072

2181
11656

2163
11089

2165
11609

3115
11057

2260
10966

2339
11618

2176
11354

2050
11090

2072
11642

2237
11150

2205
11335

2322
11890

2177
12411

2178
11206

2108
11274

2090
10856

2104
11078

2117
11476

2578
11356

2099
11640

2179
10864

2142
11625

2111
10974

2081
11138

2202
11823

2242
11129

2434
11207

2560
11709

2427
11551

2280
11108

2146
11998

2189
11204

2172
12002

2170
11445

2179
11521

2160
11559

2170
11802

2242
11905

2102
11754

2082
11275

2163
11214

2225
11443

2157
11154

2010
11204

2065
11371

2279
10969

2574
11130

2283
11094

2053
10970

2317
11859

2116
11171

2348
11174

2235
11461

2223
11833

2376
11380

2241
11725

2278
11267

2121
11504

2038
11254

2117
11743

2021
11732

2039
11178

2200
11759

2040
11432

2254
11486

2184
11414

2167
11732

2057
11373

2168
11354

2144
11073

2188
11172

2124
11518

2187
11312

2203
11652

2300
11056

2000
10991

2152
11492

2169
11229

2070
10898

2178
11996

2157
11204

2494
11860

2068
11139

2162
10903

2187
11320

2105
11071

2158
10978

2200
11077

2526
11040

2129
11352

2517
11122

2138
11393

2228
11200

2172
11206

2194
11710

2167
11144

2096
11172

2183
11395

2130
11588

2453
11271

2031
11546

2155
11456

3172
11661

2125
11201

2252
11650

2057
11466

2043
11622

2192
11354

2129
11267

2045
11280

2217
11452

2115
11290

1986
11047

2146
11455

2040
11023

2222
11556

2076
11604

2103
11434

2237
11742

2167
12200

2198
10942

2063
11629

2106
10939

2077
11394

2139
11527

2202
11134

2390
11380

2249
11430

2066
11197

2169
11419

2254
11801

2222
11127

1969
12035

2145
11439

2253
11832

2072
11172

2202
11374

2157
11017

2137
11518

2090
11216

2161
11468

2015
11283

2183
11203

2144
11821

2164
11047

2174
11434

2137
11485

2039
11258

2161
11115

2172
11515

2188
11585

2172
11246

2225
10978

2129
12995

2122
11130

2149
11098

2332
11130

2020
10836

2568
11143

2249
11445

2259
11162

2042
11545

2278
10900

2243
11317

2318
10982

2155
11493

2024
11317

2182
11549

2192
11158

2185
11140

2233
11672

2229
11536

2173
12355

2090
11479

2144
11350

2194
11137

2137
11569

2059
11548

2059
11605

2317
11627

2122
11386

2176
11714

2183
11097

2145
11235

2107
11784

2048
11397

2267
11240

2123
11266

2286
11201

2181
11710

2074
11464

2174
11056

2388
10952

2151
11135

2159
11572

2306
11012

2131
11142

2264
11429

2658
11573

2225
11510

2174
11501

2162
11322

2676
11335

2279
11480

2100
11591

2069
11307

2225
11626

2130
11307

2702
11716

2079
11287

2587
11177

2335
11044

2244
11061

2423
11120

2095
11479

2643
11391

2085
11718

2138
11403

2245
11395

2111
11920

2120
11405

2243
11284

2805
12697

2456
11308

2224
12256

2172
12000

2418
13324

2321
11680

2366
11100

2362
11283

2226
11372

2109
12522

2121
11297

2049
12805

2256
11306

2194
12009

2133
11444

2565
11546

2092
11620

2158
11449

2314
12123

2179
11273

2133
11622

2158
11694

2058
11499

2213
11251

2157
11353

2205
11934

2251
11991

2096
11658

2166
11334

2102
12048

2333
12040

2072
11331

2273
11576

2675
12035

2311
11282

2620
11258

2110
11544

2601
11852

2138
11168

2109
11725

2164
11511

2102
12133

2143
11571

2017
11381

2295
11380

2326
11920

2109
11664

2127
11383

2083
11567

2118
11718

2174
11657

2167
11453

2242
12342

2092
11604

2154
11831

2099
11329

7767
11832

2633
11756

2129
11834

2065
11550

2113
11862

2169
12605

2141
11338

2111
11704

2156
11101

2196
11849

2218
11786

2207
11472

2130
11498

2459
12173

2765
12033

2251
12015

2242
11309

2344
11554

2107
12057

2061
11481

2211
12128

2107
11438

2136
11354

2407
11361

2296
11335

2111
11815

2059
11299

2350
11802

2243
11450

2269
11681

2322
11826

2551
11258

2175
11400

2130
11367

2085
11392

2165
11462

2340
11455

2017
11576

2219
11253

2367
11563

2272
11283

2216
11644

2247
11387

2139
11110

2333
11247

2194
11835

2165
11598

2154
11408

2151
11263

2122
11330

2153
11687

2189
11922

2123
11729

2140
12278

2270
14021

2169
11710

2328
11717

2198
11468

2143
11227

2464
11675

2317
11481

2290
11308

2130
11237

2144
11651

2104
11215

2099
11264

2269
11160

2148
11322

2089
11485

2122
11353

2168
12108

2133
11743

2020
11994

2418
12348

2274
12445

2285
12364

2187
11416

2156
11923

2176
11634

2296
11580

2164
13462

2021
12308

2278
11583

2018
11914

2212
11971

2128
11964

2176
11485

2123
11563

2044
11558

2243
12209

2262
11844

2074
11564

2131
11781

2145
11380

2091
11712

2175
11482

2138
11622

2165
11397

2124
11478

2114
11306

2150
11488

2158
11398

2150
12014

2037
11527

2226
11749

2117
11575

2256
12102

2164
12122

2104
11424

2136
11357

2174
12611

2148
11736

2060
11372

2175
11462

2316
11471

2255
11415

2363
12063

2121
11258

2007
11283

2803
11457

2237
11505

2350
11743

2114
11421

2278
11549

2436
11375

2364
11672

2210
12837

2215
11214

2265
13827

7631
13510

5690
13684

4158
14503

4168
15046

4382
15528

4180
15966

4055
17197

4049
16821

4290
17903

4282
17400

4142
18042

4081
17751

4083
18035

4189
18159

4387
18822

4152
19128

4114
19185

4266
19588

4394
20028

3961
20760

3802
20384

4046
20493

4129
20067

4110
20205

3949
20294

6720
21302

4158
21228

4217
20860

3970
21825

4440
22056

4289
20905

4106
21478

4195
21262

4130
21185

4660
21284

44141
25696

12587
31108

12652
34389

13612
38527

13124
40644

14023
44458

14102
46973

13031
49241

14130
49751

14969
53326

17032
54660

13724
54349

14604
56106

13333
57713

13728
59272

13115
60310

13721
59534

13658
60433

12983
61039

13141
61201

12749
63504

13832
64398

13392
64298

14380
64471

13849
64173

13388
64078

12238
69893

12032
65152

12697
64259

12246
64805

11713
64499

12050
65267

11740
65732

11783
64544

11959
64367

12168
72849

12305
64689

12306
64243

11929
67111

11914
64293

11645
64630

11663
64414

12708
64574

11582
64773

11989
66159

12432
63747

12358
63984

12214
65028

12640
65137

11963
64366

12535
69979

12076
65269

11772
63817

11818
65227

11998
64140

11664
64609

11951
64669

11714
64873

12202
63740

11931
64725

12176
66328

11989
64948

12243
65002

11952
65094

11845
64575

12411
63812

12165
64624

12583
65799

11792
65724

11632
66174

11731
63951

12581
65003

12132
64346

12720
67586

11970
65333

11695
65431

12100
63783

12367
64417

11834
64288

11735
65648

12222
65488

11795
64317

12066
65788

12265
64435

11794
64023

12157
65364

12088
66057

11872
64527

11780
64550

11458
65099

11866
64302

12225
65834

11922
65936

11447
64494

12025
65940

12640
65469

11854
63778

12438
65709

12046
71312

12557
65106

12726
64349

12648
64577

12200
65477

12349
66911

11718
69356

12297
67049

12228
65938

12342
65754

11984
64710

11884
64406

11863
66537

12429
65204

11983
63584

13025
70462

12237
66203

12616
66373

14999
65666

11808
66282

12316
64874

12399
65200

12473
66689

13644
72396

11899
64373

12329
66541

11688
64975

12020
66540

12070
64379

11884
66361

13948
79360

12023
66458

12333
65833

12600
64870

11839
65247

11987
66984

12606
65523

12359
64505

